1.800000000000000000e+05 3.503000000000000003e-01 1.061999999999999923e-02
1.800000000000000000e+05 4.481999999999999873e-01 1.119000000000000029e-02
1.800000000000000000e+05 5.464999999999999858e-01 1.193999999999999923e-02
1.800000000000000000e+05 6.451999999999999957e-01 1.308999999999999921e-02
1.800000000000000000e+05 7.433999999999999497e-01 1.353999999999999995e-02
1.800000000000000000e+05 8.400999999999999579e-01 1.328000000000000014e-02
1.800000000000000000e+05 9.310000000000000497e-01 1.319000000000000034e-02
1.800000000000000000e+05 1.008099999999999996e+00 1.503999999999999955e-02
1.800000000000000000e+05 1.040100000000000025e+00 2.110000000000000070e-02
1.800000000000000000e+05 1.094400000000000039e+00 2.460000000000000034e-02
1.800000000000000000e+05 1.100899999999999990e+00 3.100999999999999937e-02
1.800000000000000000e+05 1.113599999999999923e+00 3.962999999999999856e-02
1.800000000000000000e+05 1.137999999999999901e+00 5.188999999999999863e-02
1.500000000000000000e+05 3.521000000000000241e-01 1.158999999999999961e-02
1.500000000000000000e+05 4.490000000000000102e-01 1.242000000000000048e-02
1.500000000000000000e+05 5.462000000000000188e-01 1.349999999999999985e-02
1.500000000000000000e+05 6.433999999999999719e-01 1.427999999999999929e-02
1.500000000000000000e+05 7.397000000000000242e-01 1.555999999999999918e-02
1.500000000000000000e+05 8.390999999999999570e-01 1.603999999999999870e-02
1.500000000000000000e+05 9.296999999999999709e-01 1.443000000000000012e-02
1.500000000000000000e+05 1.015600000000000058e+00 1.540000000000000049e-02
1.500000000000000000e+05 1.067199999999999926e+00 1.955000000000000140e-02
1.500000000000000000e+05 1.089399999999999924e+00 2.565999999999999878e-02
1.500000000000000000e+05 1.094100000000000072e+00 3.232000000000000151e-02
1.500000000000000000e+05 1.107199999999999962e+00 4.134999999999999787e-02
1.500000000000000000e+05 1.128900000000000015e+00 5.385000000000000203e-02
1.700000000000000000e+05 3.508999999999999897e-01 1.098999999999999977e-02
1.700000000000000000e+05 4.484000000000000208e-01 1.149000000000000021e-02
1.700000000000000000e+05 5.463000000000000078e-01 1.238999999999999997e-02
1.700000000000000000e+05 6.451000000000000068e-01 1.324000000000000003e-02
1.700000000000000000e+05 7.421999999999999709e-01 1.413000000000000020e-02
1.700000000000000000e+05 8.398999999999999799e-01 1.418999999999999949e-02
1.700000000000000000e+05 9.306999999999999718e-01 1.354999999999999954e-02
1.700000000000000000e+05 1.011800000000000033e+00 1.502000000000000036e-02
1.700000000000000000e+05 1.039700000000000069e+00 2.130999999999999908e-02
1.700000000000000000e+05 1.093699999999999894e+00 2.486999999999999975e-02
1.700000000000000000e+05 1.100500000000000034e+00 3.126000000000000306e-02
1.700000000000000000e+05 1.111900000000000110e+00 4.009000000000000064e-02
1.700000000000000000e+05 1.135099999999999998e+00 5.247999999999999887e-02
2.000000000000000000e+05 3.493999999999999884e-01 1.000999999999999980e-02
2.000000000000000000e+05 4.479000000000000203e-01 1.072000000000000036e-02
2.000000000000000000e+05 5.469000000000000528e-01 1.118000000000000070e-02
2.000000000000000000e+05 6.459000000000000297e-01 1.213000000000000016e-02
2.000000000000000000e+05 7.450999999999999845e-01 1.260000000000000009e-02
2.000000000000000000e+05 8.391999999999999460e-01 1.226000000000000006e-02
2.000000000000000000e+05 9.301000000000000378e-01 1.267000000000000071e-02
2.000000000000000000e+05 1.000099999999999989e+00 1.531000000000000069e-02
2.000000000000000000e+05 1.041700000000000070e+00 2.067000000000000087e-02
2.000000000000000000e+05 1.094000000000000083e+00 2.425000000000000072e-02
2.000000000000000000e+05 1.098000000000000087e+00 3.090000000000000038e-02
2.000000000000000000e+05 1.116200000000000081e+00 3.907999999999999668e-02
2.000000000000000000e+05 1.142900000000000027e+00 5.095000000000000223e-02
1.000000000000000000e+05 3.592000000000000193e-01 1.481999999999999984e-02
1.000000000000000000e+05 4.510000000000000120e-01 1.620999999999999872e-02
1.000000000000000000e+05 5.440000000000000391e-01 1.769000000000000086e-02
1.000000000000000000e+05 6.356000000000000538e-01 1.921000000000000138e-02
1.000000000000000000e+05 7.245000000000000329e-01 2.135000000000000092e-02
1.000000000000000000e+05 8.207999999999999741e-01 2.280000000000000082e-02
1.000000000000000000e+05 9.199000000000000510e-01 2.281000000000000041e-02
1.000000000000000000e+05 1.014999999999999902e+00 1.881999999999999992e-02
1.000000000000000000e+05 1.095900000000000096e+00 1.992999999999999980e-02
1.000000000000000000e+05 1.085299999999999931e+00 2.776999999999999955e-02
1.000000000000000000e+05 1.069900000000000073e+00 3.629999999999999893e-02
1.000000000000000000e+05 1.080699999999999994e+00 4.673999999999999683e-02
1.000000000000000000e+05 1.106000000000000094e+00 6.071000000000000008e-02
1.300000000000000000e+05 4.501999999999999891e-01 1.367999999999999945e-02
1.300000000000000000e+05 5.461000000000000298e-01 1.446000000000000063e-02
1.300000000000000000e+05 6.407000000000000473e-01 1.594999999999999890e-02
1.300000000000000000e+05 7.379000000000000004e-01 1.723999999999999838e-02
1.300000000000000000e+05 8.328999999999999737e-01 1.794000000000000108e-02
1.300000000000000000e+05 9.294000000000000039e-01 1.583999999999999991e-02
1.300000000000000000e+05 1.017400000000000082e+00 1.624000000000000096e-02
1.300000000000000000e+05 1.077700000000000102e+00 1.930000000000000118e-02
1.300000000000000000e+05 1.081800000000000095e+00 2.680000000000000090e-02
1.300000000000000000e+05 1.083800000000000097e+00 3.382999999999999896e-02
1.300000000000000000e+05 1.099800000000000111e+00 4.293999999999999900e-02
1.300000000000000000e+05 1.122000000000000108e+00 5.555000000000000215e-02
1.100000000000000000e+05 3.578000000000000069e-01 1.393999999999999927e-02
1.100000000000000000e+05 4.511999999999999900e-01 1.504999999999999914e-02
1.100000000000000000e+05 5.440000000000000391e-01 1.644999999999999934e-02
1.100000000000000000e+05 6.394999999999999574e-01 1.799999999999999864e-02
1.100000000000000000e+05 7.302999999999999492e-01 1.949000000000000038e-02
1.100000000000000000e+05 8.243000000000000327e-01 2.093000000000000069e-02
1.100000000000000000e+05 9.242000000000000215e-01 1.993999999999999939e-02
1.100000000000000000e+05 1.016299999999999981e+00 1.771000000000000005e-02
1.100000000000000000e+05 1.091900000000000093e+00 1.929000000000000159e-02
1.100000000000000000e+05 1.083700000000000108e+00 2.745999999999999830e-02
1.100000000000000000e+05 1.067199999999999926e+00 3.604000000000000259e-02
1.100000000000000000e+05 1.087499999999999911e+00 4.510000000000000120e-02
1.100000000000000000e+05 1.111199999999999966e+00 5.815000000000000030e-02
1.400000000000000000e+05 4.494000000000000217e-01 1.299999999999999940e-02
1.400000000000000000e+05 5.464999999999999858e-01 1.393999999999999927e-02
1.400000000000000000e+05 6.421000000000000041e-01 1.506000000000000047e-02
1.400000000000000000e+05 7.387000000000000233e-01 1.643000000000000016e-02
1.400000000000000000e+05 8.366000000000000103e-01 1.682000000000000162e-02
1.400000000000000000e+05 9.294999999999999929e-01 1.495999999999999934e-02
1.400000000000000000e+05 1.016799999999999926e+00 1.575000000000000011e-02
1.400000000000000000e+05 1.045800000000000063e+00 2.154999999999999971e-02
1.400000000000000000e+05 1.086200000000000054e+00 2.617999999999999841e-02
1.400000000000000000e+05 1.089199999999999946e+00 3.302999999999999686e-02
1.400000000000000000e+05 1.103799999999999892e+00 4.209999999999999853e-02
1.400000000000000000e+05 1.125599999999999934e+00 5.464000000000000107e-02
1.200000000000000000e+05 3.558999999999999941e-01 1.328999999999999973e-02
1.200000000000000000e+05 4.510000000000000120e-01 1.420000000000000082e-02
1.200000000000000000e+05 5.451000000000000290e-01 1.536000000000000039e-02
1.200000000000000000e+05 6.398000000000000353e-01 1.697999999999999857e-02
1.200000000000000000e+05 7.356000000000000316e-01 1.796999999999999986e-02
1.200000000000000000e+05 8.285000000000000142e-01 1.932999999999999996e-02
1.200000000000000000e+05 9.304000000000000048e-01 1.716000000000000164e-02
1.200000000000000000e+05 1.016699999999999937e+00 1.686999999999999958e-02
1.200000000000000000e+05 1.084100000000000064e+00 1.923000000000000057e-02
1.200000000000000000e+05 1.082000000000000073e+00 2.716999999999999971e-02
1.200000000000000000e+05 1.077099999999999946e+00 3.475999999999999923e-02
1.200000000000000000e+05 1.094300000000000050e+00 4.390999999999999764e-02
1.200000000000000000e+05 1.116999999999999993e+00 5.664999999999999897e-02
1.900000000000000000e+05 3.497999999999999998e-01 1.030000000000000013e-02
1.900000000000000000e+05 4.480999999999999983e-01 1.110000000000000049e-02
1.900000000000000000e+05 5.466999999999999638e-01 1.153000000000000032e-02
1.900000000000000000e+05 6.454999999999999627e-01 1.256999999999999958e-02
1.900000000000000000e+05 7.442999999999999616e-01 1.302999999999999992e-02
1.900000000000000000e+05 8.397000000000000020e-01 1.268999999999999989e-02
1.900000000000000000e+05 9.307999999999999607e-01 1.290000000000000001e-02
1.900000000000000000e+05 1.004199999999999982e+00 1.514000000000000068e-02
1.900000000000000000e+05 1.040699999999999958e+00 2.088999999999999885e-02
1.900000000000000000e+05 1.094500000000000028e+00 2.440000000000000155e-02
1.900000000000000000e+05 1.100000000000000089e+00 3.090000000000000038e-02
1.900000000000000000e+05 1.114900000000000002e+00 3.930000000000000160e-02
1.900000000000000000e+05 1.140700000000000047e+00 5.138000000000000206e-02
1.600000000000000000e+05 3.514999999999999791e-01 1.133999999999999939e-02
1.600000000000000000e+05 4.486999999999999877e-01 1.191000000000000045e-02
1.600000000000000000e+05 5.462000000000000188e-01 1.290000000000000001e-02
1.600000000000000000e+05 6.444999999999999618e-01 1.363999999999999935e-02
1.600000000000000000e+05 7.408000000000000140e-01 1.481000000000000025e-02
1.600000000000000000e+05 8.395000000000000240e-01 1.528000000000000018e-02
1.600000000000000000e+05 9.301000000000000378e-01 1.397999999999999937e-02
1.600000000000000000e+05 1.014199999999999990e+00 1.515000000000000027e-02
1.600000000000000000e+05 1.039400000000000102e+00 2.154999999999999971e-02
1.600000000000000000e+05 1.092000000000000082e+00 2.521999999999999936e-02
1.600000000000000000e+05 1.097900000000000098e+00 3.171999999999999820e-02
1.600000000000000000e+05 1.109799999999999898e+00 4.066999999999999782e-02
1.600000000000000000e+05 1.132100000000000106e+00 5.312999999999999667e-02
